%YAML:1.0
calibration_Time: "Tue 23 Jul 2019 07:42:44 PM UTC"
nrOfFrames: 14
image_Width: 640
image_Height: 480
board_Width: 9
board_Height: 6
square_Size: 50.
FixAspectRatio: 1.
# flags:  +fix_aspectRatio +fix_principal_point +zero_tangent_dist
flagValue: 14
Camera_Matrix: !!opencv-matrix
   rows: 3
   cols: 3
   dt: d
   data: [ 9.0580405247721012e+02, 0., 3.1950000000000000e+02, 0.,
       9.0580405247721012e+02, 2.3950000000000000e+02, 0., 0., 1. ]
Distortion_Coefficients: !!opencv-matrix
   rows: 5
   cols: 1
   dt: d
   data: [ -4.1031350508012338e-01, 6.6035030466590854e+00, 0., 0.,
       -4.4246076808727317e+01 ]
Avg_Reprojection_Error: 2.2997070209602635e-01
Per_View_Reprojection_Errors: !!opencv-matrix
   rows: 14
   cols: 1
   dt: f
   data: [ 2.26447329e-01, 2.31263936e-01, 2.33070657e-01,
       2.11098105e-01, 2.11047530e-01, 2.37305060e-01, 2.31939018e-01,
       2.48784915e-01, 2.25154981e-01, 2.17253551e-01, 2.35205919e-01,
       2.38427863e-01, 2.35079989e-01, 2.34296933e-01 ]
# a set of 6-tuples (rotation vector + translation vector) for each view
Extrinsic_Parameters: !!opencv-matrix
   rows: 14
   cols: 6
   dt: d
   data: [ -1.8719290671556099e-01, 1.1554634274322056e-01,
       -2.5268358150578447e-02, -5.1268664493180758e+01,
       -1.1605681006036465e+02, 1.3505733736603665e+03,
       -1.9675923684139510e-01, 1.2024652537234419e-01,
       -2.4513634581464040e-02, -5.4432945302979029e+01,
       -1.1194133409794016e+02, 1.3534848087902242e+03,
       -1.8551768718494904e-01, 1.1290480004319980e-01,
       -2.8067953029935155e-02, -6.6057173877771064e+01,
       -1.1071702248514084e+02, 1.3495982114557551e+03,
       -1.9220274886501060e-01, 1.1498178998966396e-01,
       -2.4830125304559882e-02, -6.4848330270777154e+01,
       -1.0865269423004857e+02, 1.3504839404105896e+03,
       -1.9467220752208689e-01, 1.1981154448865940e-01,
       -2.0978842595278147e-02, -5.8599579645964745e+01,
       -1.1094775918785028e+02, 1.3490575744295311e+03,
       -1.9583523830799918e-01, 1.2332981279780343e-01,
       -1.9560272093858123e-02, -5.9681847905824846e+01,
       -1.1292575769047257e+02, 1.3494718618562606e+03,
       -1.9526579151284557e-01, 1.1682447232480120e-01,
       -2.2964160758967362e-02, -6.5112304380210659e+01,
       -1.1521818292637072e+02, 1.3461165136222842e+03,
       -1.8861565503959504e-01, 1.1661596609676854e-01,
       -2.2261174521927624e-02, -5.7816829735366319e+01,
       -1.1220032325238788e+02, 1.3458132337584643e+03,
       -1.9712522881318334e-01, 1.3222694188718476e-01,
       -1.7563051781640415e-02, -4.6602826277775293e+01,
       -1.1262023652347401e+02, 1.3468655145185794e+03,
       -1.9286002060034696e-01, 1.3106718376252846e-01,
       -2.0732423424385998e-02, -4.9841754379816408e+01,
       -1.1107219285453921e+02, 1.3485108854705261e+03,
       -1.9706451101442113e-01, 1.3309001857345623e-01,
       -1.4622351293960792e-02, -5.0622849694884742e+01,
       -1.1464671379924083e+02, 1.3480688500660929e+03,
       -1.9734535846706583e-01, 1.3323788468413167e-01,
       -1.4263263874735456e-02, -5.6887861239962625e+01,
       -1.1824233250206068e+02, 1.3479841587822746e+03,
       -1.8740337166029483e-01, 1.2728671440357142e-01,
       -1.7739708539089630e-02, -6.3671131171395281e+01,
       -1.1623678350375529e+02, 1.3478939293713308e+03,
       -1.9261687851094567e-01, 1.3460725220949732e-01,
       -1.6886940989741226e-02, -6.1748402936995682e+01,
       -1.1196052303298255e+02, 1.3515578540969623e+03 ]
Image_points: !!opencv-matrix
   rows: 14
   cols: 54
   dt: "2f"
   data: [ 2.85717133e+02, 1.62502121e+02, 3.18520142e+02,
       1.60316315e+02, 3.51814240e+02, 1.58595093e+02, 3.85669464e+02,
       1.57247086e+02, 4.19384216e+02, 1.55735947e+02, 4.53435638e+02,
       1.54443924e+02, 4.87760223e+02, 1.53101181e+02, 5.21938965e+02,
       1.51672623e+02, 5.56250732e+02, 1.50222061e+02, 2.85338318e+02,
       1.93979187e+02, 3.18720001e+02, 1.92492218e+02, 3.52575775e+02,
       1.91364120e+02, 3.86599579e+02, 1.90291351e+02, 4.20532257e+02,
       1.89012741e+02, 4.54817169e+02, 1.87575058e+02, 4.89422028e+02,
       1.86356461e+02, 5.24009583e+02, 1.84885406e+02, 5.58509216e+02,
       1.83495300e+02, 2.85542816e+02, 2.26938705e+02, 3.19412292e+02,
       2.25901855e+02, 3.53394806e+02, 2.24789551e+02, 3.87651215e+02,
       2.23697632e+02, 4.21784821e+02, 2.22328842e+02, 4.56369812e+02,
       2.20919662e+02, 4.91248322e+02, 2.19547989e+02, 5.26049622e+02,
       2.18445953e+02, 5.60873291e+02, 2.17127243e+02, 2.86036255e+02,
       2.60948395e+02, 3.19959808e+02, 2.59886566e+02, 3.54198792e+02,
       2.58903961e+02, 3.88518555e+02, 2.57607269e+02, 4.22906891e+02,
       2.56434937e+02, 4.57811768e+02, 2.54959976e+02, 4.93081360e+02,
       2.53672653e+02, 5.28125854e+02, 2.52426117e+02, 5.63173706e+02,
       2.51414261e+02, 2.86367157e+02, 2.94801697e+02, 3.20447144e+02,
       2.93836853e+02, 3.54786194e+02, 2.92863373e+02, 3.89506653e+02,
       2.91897369e+02, 4.24133667e+02, 2.90627014e+02, 4.59266266e+02,
       2.89567383e+02, 4.94683838e+02, 2.88217194e+02, 5.30187439e+02,
       2.87153625e+02, 5.65425781e+02, 2.86003052e+02, 2.86494751e+02,
       3.29272919e+02, 3.20847870e+02, 3.28398590e+02, 3.55522614e+02,
       3.27528900e+02, 3.90460907e+02, 3.26516449e+02, 4.25358551e+02,
       3.25603699e+02, 4.60621338e+02, 3.24516663e+02, 4.96400665e+02,
       3.23442963e+02, 5.32104736e+02, 3.22119995e+02, 5.67629822e+02,
       3.21265869e+02, 2.83614532e+02, 1.65411728e+02, 3.16368896e+02,
       1.63190872e+02, 3.49608917e+02, 1.61459122e+02, 3.83381042e+02,
       1.60199631e+02, 4.17071472e+02, 1.58647476e+02, 4.51137054e+02,
       1.57349823e+02, 4.85499451e+02, 1.55955811e+02, 5.19657715e+02,
       1.54487762e+02, 5.53985413e+02, 1.53107788e+02, 2.83100891e+02,
       1.96728485e+02, 3.16471771e+02, 1.95349106e+02, 3.50308899e+02,
       1.94171753e+02, 3.84330902e+02, 1.93058929e+02, 4.18215271e+02,
       1.91737030e+02, 4.52498993e+02, 1.90337006e+02, 4.87018097e+02,
       1.89044510e+02, 5.21581787e+02, 1.87615189e+02, 5.56189941e+02,
       1.86326080e+02, 2.83224213e+02, 2.29648819e+02, 3.17046478e+02,
       2.28610306e+02, 3.50995239e+02, 2.27580246e+02, 3.85325195e+02,
       2.26466125e+02, 4.19401184e+02, 2.25123337e+02, 4.53930664e+02,
       2.23565933e+02, 4.88827209e+02, 2.22299988e+02, 5.23591431e+02,
       2.21059097e+02, 5.58437256e+02, 2.19736130e+02, 2.83616089e+02,
       2.63514038e+02, 3.17582001e+02, 2.62507965e+02, 3.51726624e+02,
       2.61489777e+02, 3.86162262e+02, 2.60377258e+02, 4.20547058e+02,
       2.59066498e+02, 4.55355774e+02, 2.57651642e+02, 4.90590210e+02,
       2.56308746e+02, 5.25580200e+02, 2.55002090e+02, 5.60676331e+02,
       2.53981735e+02, 2.83835785e+02, 2.97467041e+02, 3.17931549e+02,
       2.96489746e+02, 3.52382599e+02, 2.95506134e+02, 3.87058960e+02,
       2.94505981e+02, 4.21588501e+02, 2.93263916e+02, 4.56689117e+02,
       2.92147369e+02, 4.92154816e+02, 2.90761963e+02, 5.27654358e+02,
       2.89602966e+02, 5.62798096e+02, 2.88447266e+02, 2.83994781e+02,
       3.31739746e+02, 3.18346344e+02, 3.30828064e+02, 3.52888733e+02,
       3.30037964e+02, 3.87825195e+02, 3.29123016e+02, 4.22750000e+02,
       3.28117767e+02, 4.58034760e+02, 3.27036621e+02, 4.93748840e+02,
       3.25911743e+02, 5.29437378e+02, 3.24654480e+02, 5.65040283e+02,
       3.23701874e+02, 2.75905640e+02, 1.66029816e+02, 3.08614746e+02,
       1.63674744e+02, 3.41839874e+02, 1.62017090e+02, 3.75640778e+02,
       1.60552765e+02, 4.09395172e+02, 1.59115646e+02, 4.43449951e+02,
       1.57583206e+02, 4.77809296e+02, 1.56234070e+02, 5.12037903e+02,
       1.54717682e+02, 5.46409668e+02, 1.53208160e+02, 2.75505554e+02,
       1.97534653e+02, 3.08804810e+02, 1.95987045e+02, 3.42626068e+02,
       1.94757431e+02, 3.76684479e+02, 1.93531128e+02, 4.10599884e+02,
       1.92251755e+02, 4.45010925e+02, 1.90827469e+02, 4.79461426e+02,
