%YAML:1.0
calibration_Time: "Tue 23 Jul 2019 07:42:45 PM UTC"
nrOfFrames: 14
image_Width: 640
image_Height: 480
board_Width: 9
board_Height: 6
square_Size: 50.
FixAspectRatio: 1.
# flags:  +fix_aspectRatio +fix_principal_point +zero_tangent_dist
flagValue: 14
Camera_Matrix: !!opencv-matrix
   rows: 3
   cols: 3
   dt: d
   data: [ 8.3709160073705198e+02, 0., 3.1950000000000000e+02, 0.,
       8.3709160073705198e+02, 2.3950000000000000e+02, 0., 0., 1. ]
Distortion_Coefficients: !!opencv-matrix
   rows: 5
   cols: 1
   dt: d
   data: [ -3.7736889959076686e-01, 1.5303815701934850e+01, 0., 0.,
       -2.0266407721433987e+02 ]
Avg_Reprojection_Error: 2.6898391704170910e-01
Per_View_Reprojection_Errors: !!opencv-matrix
   rows: 14
   cols: 1
   dt: f
   data: [ 2.35873684e-01, 2.43583173e-01, 2.37004757e-01,
       2.47622371e-01, 2.60551721e-01, 2.35825777e-01, 3.05695117e-01,
       3.59471858e-01, 3.01723868e-01, 2.55675584e-01, 2.83226550e-01,
       2.73970157e-01, 2.40865156e-01, 2.54174858e-01 ]
# a set of 6-tuples (rotation vector + translation vector) for each view
Extrinsic_Parameters: !!opencv-matrix
   rows: 14
   cols: 6
   dt: d
   data: [ -1.5497977208458891e-01, 7.8708063425583744e-02,
       -2.5283058347484309e-02, -2.4908177315017605e+02,
       -1.5108791625982491e+02, 1.2386298910323517e+03,
       -1.6230909722089049e-01, 7.9652378367312190e-02,
       -2.6297088891509324e-02, -2.5213998558320282e+02,
       -1.4813482491192516e+02, 1.2394800522622286e+03,
       -1.5241768057340452e-01, 7.8220719215353410e-02,
       -2.8799889833632394e-02, -2.6338096988998251e+02,
       -1.4852772826860149e+02, 1.2360413543433847e+03,
       -1.5654827604998156e-01, 7.8163415176680753e-02,
       -2.5465994166889921e-02, -2.6352656933605653e+02,
       -1.4514330838273384e+02, 1.2368786608236614e+03,
       -1.5528290613572868e-01, 7.8199365293569106e-02,
       -2.1924359289624096e-02, -2.5723058533253015e+02,
       -1.4697596698804901e+02, 1.2353438598307637e+03,
       -1.6360995345127663e-01, 8.2254652498051584e-02,
       -2.0784996852830785e-02, -2.5776013079725004e+02,
       -1.4894122454662912e+02, 1.2360361244772525e+03,
       -1.5691350299429210e-01, 7.3446368669822168e-02,
       -2.4749167257952526e-02, -2.6315867061185810e+02,
       -1.5157791460845309e+02, 1.2324730464405070e+03,
       -1.4421413958499468e-01, 7.0177260651474449e-02,
       -2.4985434533276694e-02, -2.5579180673786965e+02,
       -1.4818573637295867e+02, 1.2319027080349240e+03,
       -1.6085754682231604e-01, 8.6893937131532609e-02,
       -1.9701097400135613e-02, -2.4347796813971144e+02,
       -1.4751982482250483e+02, 1.2347000060944374e+03,
       -1.6017959716534441e-01, 9.0040966438765579e-02,
       -2.1429580668178669e-02, -2.4793456483450356e+02,
       -1.4773828383684994e+02, 1.2354880181917051e+03,
       -1.7061996365083934e-01, 9.4791723804857717e-02,
       -1.5510427316624144e-02, -2.4858829010616614e+02,
       -1.4904355059446863e+02, 1.2368051878211882e+03,
       -1.5933800459358546e-01, 8.9149143155987501e-02,
       -1.6968531398269662e-02, -2.5557312460374661e+02,
       -1.5294612323131847e+02, 1.2336095990657520e+03,
       -1.5615274436080359e-01, 9.4111157024866512e-02,
       -1.6511868258070911e-02, -2.6143007271495202e+02,
       -1.5294991724802853e+02, 1.2346980302724198e+03,
       -1.5821316211995978e-01, 9.5415325573610946e-02,
       -1.7802004478246616e-02, -2.5967541155299989e+02,
       -1.4841638154735847e+02, 1.2379200350870647e+03 ]
Image_points: !!opencv-matrix
   rows: 14
   cols: 54
   dt: "2f"
   data: [ 1.52680130e+02, 1.38753967e+02, 1.84999649e+02,
       1.36569931e+02, 2.18018082e+02, 1.34801651e+02, 2.51715942e+02,
       1.33548264e+02, 2.85294952e+02, 1.32256439e+02, 3.19360016e+02,
       1.30707169e+02, 3.53761017e+02, 1.29548813e+02, 3.88189880e+02,
       1.27943352e+02, 4.22649414e+02, 1.26581505e+02, 1.51331787e+02,
       1.70322464e+02, 1.84403534e+02, 1.68949051e+02, 2.18156265e+02,
       1.67713333e+02, 2.51937195e+02, 1.66720657e+02, 2.85883575e+02,
       1.65462112e+02, 3.20241852e+02, 1.64109482e+02, 3.54691193e+02,
       1.62915375e+02, 3.89373077e+02, 1.61518204e+02, 4.24212219e+02,
       1.60057098e+02, 1.50717987e+02, 2.03463959e+02, 1.84382690e+02,
       2.02483734e+02, 2.18322433e+02, 2.01404297e+02, 2.52378830e+02,
       2.00398224e+02, 2.86384186e+02, 1.99163864e+02, 3.20666016e+02,
       1.97621719e+02, 3.55597229e+02, 1.96502182e+02, 3.90520630e+02,
       1.95331894e+02, 4.25614624e+02, 1.94083527e+02, 1.50672485e+02,
       2.37420898e+02, 1.84463058e+02, 2.36571304e+02, 2.18319077e+02,
       2.35523010e+02, 2.52533127e+02, 2.34497147e+02, 2.86665802e+02,
       2.33432968e+02, 3.21363312e+02, 2.32117188e+02, 3.56484863e+02,
       2.30669983e+02, 3.91717621e+02, 2.29602753e+02, 4.27038544e+02,
       2.28649902e+02, 1.50463654e+02, 2.71453491e+02, 1.84145599e+02,
       2.70491638e+02, 2.18407455e+02, 2.69692017e+02, 2.52640533e+02,
       2.68830994e+02, 2.86921295e+02, 2.67754120e+02, 3.22063599e+02,
       2.66680115e+02, 3.57386505e+02, 2.65584564e+02, 3.92908112e+02,
       2.64513977e+02, 4.28484100e+02, 2.63535156e+02, 1.49915817e+02,
       3.05647034e+02, 1.84008881e+02, 3.05164307e+02, 2.18202286e+02,
       3.04374542e+02, 2.52756149e+02, 3.03619659e+02, 2.87530548e+02,
       3.02666992e+02, 3.22663696e+02, 3.01858368e+02, 3.58380157e+02,
       3.00899475e+02, 3.93956848e+02, 2.99807068e+02, 4.29850433e+02,
       2.98981293e+02, 1.50701370e+02, 1.40743073e+02, 1.82916199e+02,
       1.38544693e+02, 2.15984650e+02, 1.36819641e+02, 2.49602509e+02,
       1.35504883e+02, 2.83203949e+02, 1.34126953e+02, 3.17244232e+02,
       1.32585434e+02, 3.51660126e+02, 1.31277176e+02, 3.86111633e+02,
       1.29666718e+02, 4.20574585e+02, 1.28353729e+02, 1.49344864e+02,
       1.72403305e+02, 1.82384460e+02, 1.70986298e+02, 2.16054901e+02,
       1.69723480e+02, 2.49911346e+02, 1.68608566e+02, 2.83797333e+02,
       1.67352173e+02, 3.18164032e+02, 1.65915451e+02, 3.52640717e+02,
       1.64605896e+02, 3.87338684e+02, 1.63187561e+02, 4.21986450e+02,
       1.61738602e+02, 1.48682312e+02, 2.05386047e+02, 1.82361328e+02,
       2.04377731e+02, 2.16322845e+02, 2.03286972e+02, 2.50343719e+02,
       2.02231934e+02, 2.84286835e+02, 2.00918854e+02, 3.18617310e+02,
       1.99396332e+02, 3.53526917e+02, 1.98211441e+02, 3.88521271e+02,
       1.96851334e+02, 4.23519958e+02, 1.95648346e+02, 1.48607986e+02,
       2.39302216e+02, 1.82461975e+02, 2.38432175e+02, 2.16399307e+02,
       2.37448059e+02, 2.50463776e+02, 2.36227554e+02, 2.84637726e+02,
       2.35060242e+02, 3.19306885e+02, 2.33860962e+02, 3.54418945e+02,
       2.32358170e+02, 3.89567902e+02, 2.31162766e+02, 4.25097382e+02,
       2.30242676e+02, 1.48427444e+02, 2.73348297e+02, 1.82000031e+02,
       2.72391205e+02, 2.16312958e+02, 2.71588501e+02, 2.50609711e+02,
       2.70620605e+02, 2.84770966e+02, 2.69512878e+02, 3.19833588e+02,
       2.68408325e+02, 3.55299438e+02, 2.67162201e+02, 3.90752319e+02,
       2.66078278e+02, 4.26465363e+02, 2.65172943e+02, 1.47774490e+02,
       3.07573700e+02, 1.81775833e+02, 3.06888306e+02, 2.16202713e+02,
       3.06090393e+02, 2.50636536e+02, 3.05382996e+02, 2.85446106e+02,
       3.04442871e+02, 3.20568695e+02, 3.03543976e+02, 3.56209564e+02,
       3.02423859e+02, 3.91865784e+02, 3.01397980e+02, 4.27806366e+02,
       3.00527893e+02, 1.43019791e+02, 1.40348557e+02, 1.75299088e+02,
       1.37993866e+02, 2.08342300e+02, 1.36334747e+02, 2.41891861e+02,
       1.34743927e+02, 2.75515137e+02, 1.33231644e+02, 3.09591187e+02,
       1.31617737e+02, 3.43915375e+02, 1.30363770e+02, 3.78406372e+02,
       1.28633499e+02, 4.12805969e+02, 1.27177246e+02, 1.41512665e+02,
       1.71909637e+02, 1.74589249e+02, 1.70460571e+02, 2.08353195e+02,
       1.69228912e+02, 2.42387589e+02, 1.68060410e+02, 2.76164368e+02,
       1.66662979e+02, 3.10485535e+02, 1.65145493e+02, 3.44992737e+02,
