%YAML:1.0
R: !!opencv-matrix
   rows: 3
   cols: 3
   dt: d
   data: [ 9.9980393813818280e-01, 6.9199521537256846e-04,
       1.9789048132810745e-02, -1.0474335431261803e-03,
       9.9983821779921678e-01, 1.7956645317506160e-02,
       -1.9773420704408559e-02, -1.7973852416994063e-02,
       9.9964291247571935e-01 ]
T: !!opencv-matrix
   rows: 3
   cols: 1
   dt: d
   data: [ 3.2440522914279826e+00, 5.8470466452154250e-02,
       1.5434644972747744e-01 ]
R1: !!opencv-matrix
   rows: 3
   cols: 3
   dt: d
   data: [ 9.9755399695762370e-01, 1.7834743629513723e-02,
       6.7586574654578915e-02, -1.8436133679853441e-02,
       9.9979571499326580e-01, 8.2847604698614557e-03,
       -6.7425011151708542e-02, -9.5105310458420238e-03,
       9.9767901535033698e-01 ]
R2: !!opencv-matrix
   rows: 3
   cols: 3
   dt: d
   data: [ 9.9870823019994703e-01, 1.8000614917243331e-02,
       4.7516826424866203e-02, -1.7576717682327402e-02,
       9.9980204297228015e-01, -9.3238331157575981e-03,
       -4.7675254864609842e-02, 8.4765990264879000e-03,
       9.9882692061364597e-01 ]
P1: !!opencv-matrix
   rows: 3
   cols: 4
   dt: d
   data: [ -1.0673417165785738e+03, 0., 6.9650816650390625e+03, 0., 0.,
       -1.0673417165785738e+03, 1.6826103210449219e+02, 0., 0., 0., 1.,
       0. ]
P2: !!opencv-matrix
   rows: 3
   cols: 4
   dt: d
   data: [ -1.0673417165785738e+03, 0., 6.9650816650390625e+03,
       -3.4669908955393157e+03, 0., -1.0673417165785738e+03,
       1.6826103210449219e+02, 0., 0., 0., 1., 0. ]
Q: !!opencv-matrix
   rows: 4
   cols: 4
   dt: d
   data: [ 1., 0., 0., -6.9650816650390625e+03, 0., 1., 0.,
       -1.6826103210449219e+02, 0., 0., 0., -1.0673417165785738e+03, 0.,
       0., -3.0785824039856358e-01, 0. ]
