%YAML:1.0
M1: !!opencv-matrix
   rows: 3
   cols: 3
   dt: d
   data: [ 9.3186609926317283e+02, 0., 3.1593858103754133e+02, 0.,
       9.3628941005989168e+02, 2.4023971123235563e+02, 0., 0., 1. ]
D1: !!opencv-matrix
   rows: 1
   cols: 14
   dt: d
   data: [ -2.7005660798165693e-01, 1.4409205549169275e+01, 0., 0., 0.,
       0., 0., 2.8628362818104074e+02, 0., 0., 0., 0., 0., 0. ]
M2: !!opencv-matrix
   rows: 3
   cols: 3
   dt: d
   data: [ 9.3186609926317283e+02, 0., 3.2147121767236263e+02, 0.,
       9.3628941005989168e+02, 2.4528704257109260e+02, 0., 0., 1. ]
D2: !!opencv-matrix
   rows: 1
   cols: 14
   dt: d
   data: [ -2.2931528290729775e-01, 5.1756468357462371e+00, 0., 0., 0.,
       0., 0., 4.4748043773788190e+01, 0., 0., 0., 0., 0., 0. ]
